AVL, 10000, 15, 11.5863, 0.6442, 0.2838
BST, 10000, 30, 15.96, 0.4449, 0.4444
AVL, 20000, 16, 12.602, 0.57255, 0.3222
BST, 20000, 31, 16.4199, 0.5211, 0.4928
AVL, 30000, 17, 13.1812, 0.609467, 0.357667
BST, 30000, 36, 18.4893, 0.573233, 0.564
AVL, 40000, 18, 13.6107, 0.680625, 0.5168
BST, 40000, 35, 18.9993, 0.681075, 0.6952
AVL, 50000, 18, 13.976, 0.77526, 0.41608
BST, 50000, 37, 18.8701, 0.77144, 0.74916
AVL, 60000, 18, 14.1572, 0.865917, 0.6351
BST, 60000, 37, 18.9991, 0.8936, 0.873967
AVL, 70000, 19, 14.4365, 0.961429, 0.589314
BST, 70000, 40, 18.9678, 0.955957, 0.946714
AVL, 80000, 18, 14.6197, 1.04185, 0.757
BST, 80000, 37, 19.7853, 1.03068, 1.0811
AVL, 90000, 19, 14.7785, 1.11492, 0.822867
BST, 90000, 40, 20.1209, 1.1622, 1.24093
AVL, 100000, 19, 14.9069, 1.18434, 0.86958
BST, 100000, 36, 19.6943, 1.19233, 1.23678
AVL, 110000, 19, 15.136, 1.23049, 0.932745
BST, 110000, 37, 20.5425, 1.28855, 1.37842
AVL, 120000, 20, 15.2296, 1.2927, 1.00898
BST, 120000, 44, 21.4251, 1.37489, 1.4295
AVL, 130000, 19, 15.3073, 1.33202, 1.02751
BST, 130000, 44, 21.5836, 1.43761, 1.46948
AVL, 140000, 19, 15.4231, 1.38332, 1.07953
BST, 140000, 43, 20.5244, 1.44494, 1.49286
AVL, 150000, 19, 15.5117, 1.43203, 1.10881
BST, 150000, 40, 21.0766, 1.50232, 1.5786
AVL, 160000, 20, 15.655, 1.50327, 1.16925
BST, 160000, 42, 21.7635, 1.54431, 1.6134
AVL, 170000, 20, 15.709, 1.50247, 1.22276
BST, 170000, 39, 20.3174, 1.55346, 1.61848
AVL, 180000, 20, 15.8384, 1.54401, 1.23278
BST, 180000, 42, 21.0224, 1.62213, 1.6869
AVL, 190000, 20, 15.8564, 1.59374, 1.29426
BST, 190000, 45, 20.9396, 1.65138, 1.70725
AVL, 200000, 20, 15.9563, 1.62321, 1.27519
BST, 200000, 41, 21.5286, 1.69628, 1.76136
AVL, 210000, 20, 16.0199, 1.67161, 1.30618
BST, 210000, 42, 20.7044, 1.71594, 1.85001
AVL, 220000, 20, 16.1274, 1.67659, 1.32709
BST, 220000, 42, 22.1789, 1.7879, 1.82819
AVL, 230000, 20, 16.1537, 1.69978, 1.38913
BST, 230000, 46, 21.6832, 1.81329, 1.87956
AVL, 240000, 20, 16.219, 1.74283, 1.38351
BST, 240000, 44, 22.6683, 1.86012, 1.90943
AVL, 250000, 20, 16.2829, 1.77346, 1.41603
BST, 250000, 40, 22.1515, 1.87286, 1.93249
AVL, 260000, 21, 16.3414, 1.78517, 1.42604
BST, 260000, 41, 21.2173, 1.89962, 1.92482
AVL, 270000, 21, 16.5368, 1.80429, 1.43239
BST, 270000, 45, 21.6578, 1.92015, 1.96096
AVL, 280000, 21, 16.4982, 1.83135, 1.48634
BST, 280000, 44, 22.4064, 1.95133, 2.04707
AVL, 290000, 21, 16.4713, 1.84381, 1.50419
BST, 290000, 44, 21.9799, 1.97154, 2.04857
AVL, 300000, 21, 16.5676, 1.85359, 1.50809
BST, 300000, 43, 22.0826, 1.98997, 2.06382
AVL, 310000, 21, 16.6206, 1.88291, 1.52177
BST, 310000, 44, 23.389, 2.02059, 2.14134
AVL, 320000, 21, 16.67, 1.90359, 1.51894
BST, 320000, 46, 24.1948, 2.06383, 2.12838
AVL, 330000, 21, 16.7671, 1.91929, 1.53375
BST, 330000, 44, 23.3313, 2.06872, 2.11484
AVL, 340000, 21, 16.7751, 1.92931, 1.55237
BST, 340000, 44, 22.2552, 2.07711, 2.15118
AVL, 350000, 21, 16.8035, 1.95558, 1.56693
BST, 350000, 44, 22.2702, 2.11128, 2.15667
AVL, 360000, 21, 16.9034, 1.96786, 1.58319
BST, 360000, 44, 22.2915, 2.12315, 2.18238
AVL, 370000, 21, 16.8849, 1.98796, 1.59755
BST, 370000, 46, 24.0518, 2.1898, 2.22869
AVL, 380000, 21, 16.9358, 1.99698, 1.62062
BST, 380000, 43, 22.8098, 2.27097, 2.24617
AVL, 390000, 21, 16.9335, 2.30976, 1.91205
BST, 390000, 44, 22.6339, 2.24781, 2.31361
AVL, 400000, 21, 16.9865, 2.04508, 1.68379
BST, 400000, 44, 23.1806, 2.2391, 2.27162
AVL, 410000, 21, 16.9873, 2.0864, 1.92862
BST, 410000, 48, 24.2616, 2.42771, 2.40452
AVL, 420000, 22, 17.0903, 2.06789, 1.88988
BST, 420000, 46, 24.0206, 2.50008, 2.43322
AVL, 430000, 21, 17.0611, 2.2507, 1.93632
BST, 430000, 44, 23.2838, 2.46287, 2.36396
AVL, 440000, 22, 17.1188, 2.08462, 1.70401
BST, 440000, 49, 22.7963, 2.31811, 2.35223
AVL, 450000, 22, 17.185, 2.12668, 1.71662
BST, 450000, 48, 23.3218, 2.35072, 2.3778
AVL, 460000, 21, 17.1885, 2.112, 1.71994
BST, 460000, 47, 23.5391, 2.30424, 2.36555
AVL, 470000, 22, 17.2038, 2.12218, 1.71991
BST, 470000, 45, 24.4412, 2.33686, 2.38303
AVL, 480000, 22, 17.2368, 2.14037, 1.73472
BST, 480000, 47, 23.3966, 2.34417, 2.39475
AVL, 490000, 21, 17.2595, 2.14304, 1.74933
BST, 490000, 50, 24.1937, 2.36634, 2.56305
AVL, 500000, 21, 17.273, 2.46943, 1.87538
BST, 500000, 43, 23.1185, 2.40573, 2.42869
AVL, 510000, 22, 17.3748, 2.21267, 1.82269
BST, 510000, 45, 22.7955, 2.40627, 2.43793
AVL, 520000, 22, 17.4192, 2.21188, 1.80927
BST, 520000, 44, 23.4195, 2.45596, 2.5097
AVL, 530000, 22, 17.3817, 2.21138, 1.77938
BST, 530000, 43, 23.432, 2.41808, 2.44565
AVL, 540000, 22, 17.4356, 2.21466, 1.79608
BST, 540000, 45, 24.2293, 2.43666, 2.50014
AVL, 550000, 22, 17.4178, 2.24276, 1.82235
BST, 550000, 49, 24.5884, 2.46228, 2.49983
AVL, 560000, 22, 17.4503, 2.25074, 1.81796
BST, 560000, 45, 23.2357, 2.45837, 2.49539
AVL, 570000, 22, 17.5377, 2.25338, 1.83677
BST, 570000, 48, 23.5255, 2.4784, 2.53041
AVL, 580000, 22, 17.5279, 2.25888, 1.83673
BST, 580000, 49, 24.7637, 2.51014, 2.562
AVL, 590000, 22, 17.5384, 2.27072, 1.83869
BST, 590000, 47, 23.5675, 2.48597, 2.52086
AVL, 600000, 22, 17.6107, 2.27427, 1.85536
BST, 600000, 46, 23.0468, 2.49971, 2.53367
AVL, 610000, 22, 17.6538, 2.28275, 1.87083
BST, 610000, 51, 25.4922, 2.54638, 2.58574
AVL, 620000, 22, 17.601, 2.28635, 1.87705
BST, 620000, 46, 23.66, 2.51386, 2.55904
AVL, 630000, 22, 17.622, 2.2973, 1.87227
BST, 630000, 48, 23.5544, 2.54091, 2.57906
AVL, 640000, 22, 17.6379, 2.32273, 1.88802
BST, 640000, 51, 23.9204, 2.55696, 2.60729
AVL, 650000, 22, 17.6996, 2.31739, 1.90074
BST, 650000, 49, 24.1397, 2.56752, 2.61315
AVL, 660000, 22, 17.7014, 2.32679, 1.8954
BST, 660000, 45, 22.9246, 2.56658, 2.6032
AVL, 670000, 22, 17.7056, 2.35848, 1.92008
BST, 670000, 48, 23.7798, 2.59558, 2.62196
AVL, 680000, 22, 17.7451, 2.36207, 1.93006
BST, 680000, 48, 23.5165, 2.60404, 2.62569
AVL, 690000, 22, 17.8369, 2.37093, 1.92894
BST, 690000, 51, 24.4632, 2.63099, 2.66393
AVL, 700000, 22, 17.7601, 2.38613, 1.94495
BST, 700000, 48, 23.3934, 2.63329, 2.65863
AVL, 710000, 22, 17.7924, 2.38741, 1.94557
BST, 710000, 49, 24.9065, 2.64122, 2.66415
AVL, 720000, 22, 17.8212, 2.41086, 1.96057
BST, 720000, 45, 23.0712, 2.6494, 2.66539
AVL, 730000, 22, 17.8774, 2.40614, 1.9743
BST, 730000, 46, 23.3518, 2.67582, 2.71445
AVL, 740000, 22, 17.8984, 2.42507, 1.98341
BST, 740000, 48, 24.6463, 2.67813, 2.70806
AVL, 750000, 22, 17.909, 2.42032, 1.97924
BST, 750000, 47, 24.3598, 2.67036, 2.70517
AVL, 760000, 23, 17.9584, 2.42686, 1.99135
BST, 760000, 47, 24.4139, 2.7101, 2.74751
AVL, 770000, 23, 17.9686, 2.43569, 1.99725
BST, 770000, 47, 24.9025, 2.70474, 2.753
AVL, 780000, 22, 17.9126, 2.44565, 1.99408
BST, 780000, 50, 23.8548, 2.6988, 2.74008
AVL, 790000, 23, 17.9841, 2.45497, 2.01635
BST, 790000, 48, 25.846, 2.72596, 2.78205
AVL, 800000, 23, 18.0517, 2.46022, 2.0219
BST, 800000, 51, 24.781, 2.72273, 2.78702
AVL, 810000, 23, 18.0609, 2.48541, 2.02993
BST, 810000, 49, 24.8311, 2.75336, 2.80409
AVL, 820000, 23, 18.1199, 2.48335, 2.0359
BST, 820000, 53, 24.5414, 2.76573, 2.8106
AVL, 830000, 23, 18.0793, 2.50037, 2.04351
BST, 830000, 50, 25.2255, 2.78559, 2.82943
AVL, 840000, 23, 18.0081, 2.51504, 2.04489
BST, 840000, 51, 24.1918, 2.77428, 2.83422
AVL, 850000, 23, 18.1541, 2.50947, 2.06577
BST, 850000, 44, 23.8626, 2.77836, 2.80507
AVL, 860000, 22, 18.0633, 2.5129, 2.06522
BST, 860000, 49, 24.4146, 2.77892, 2.82751
AVL, 870000, 23, 18.1189, 2.52426, 2.07355
BST, 870000, 52, 25.1863, 2.80848, 2.8515
AVL, 880000, 23, 18.1694, 2.53604, 2.08679
BST, 880000, 49, 25.7561, 2.83551, 2.88886
AVL, 890000, 23, 18.1797, 2.53478, 2.09805
BST, 890000, 47, 24.2491, 2.81117, 2.85281
AVL, 900000, 23, 18.2099, 2.54969, 2.10692
BST, 900000, 46, 24.4647, 2.83087, 2.87826
AVL, 910000, 23, 18.1995, 2.55041, 2.11819
BST, 910000, 47, 24.7875, 2.86591, 2.88953
AVL, 920000, 23, 18.2251, 2.571, 2.11989
BST, 920000, 49, 24.8608, 2.87682, 2.90836
AVL, 930000, 23, 18.1929, 2.57913, 2.12993
BST, 930000, 49, 23.7548, 2.8657, 2.8806
AVL, 940000, 23, 18.2157, 2.58475, 2.13446
BST, 940000, 52, 24.9103, 2.89209, 2.93778
AVL, 950000, 23, 18.2444, 2.58223, 2.13936
BST, 950000, 49, 24.6691, 2.89308, 2.92656
AVL, 960000, 23, 18.2796, 2.58996, 2.1404
BST, 960000, 49, 24.9395, 2.89723, 2.93353
AVL, 970000, 22, 18.2246, 2.59366, 2.1456
BST, 970000, 49, 24.3295, 2.90439, 2.93685
AVL, 980000, 23, 18.2772, 2.613, 2.15844
BST, 980000, 49, 24.9928, 2.92598, 2.97308
AVL, 990000, 23, 18.3072, 2.61671, 2.16156
BST, 990000, 49, 25.2498, 2.93781, 2.97486
AVL, 1000000, 23, 18.3089, 2.61171, 2.16085
BST, 1000000, 49, 24.6876, 2.92483, 2.95081
AVL, 1010000, 23, 18.3395, 2.62081, 2.16742
BST, 1010000, 53, 24.6437, 2.93747, 2.96745
AVL, 1020000, 23, 18.3894, 2.62797, 2.17328
BST, 1020000, 51, 25.1358, 2.96517, 2.99449
AVL, 1030000, 23, 18.3335, 2.64196, 2.18754
BST, 1030000, 49, 25.1089, 2.95109, 2.98935
AVL, 1040000, 23, 18.344, 2.64289, 2.19205
BST, 1040000, 49, 25.352, 2.96851, 3.00664
AVL, 1050000, 23, 18.4232, 2.65132, 2.19221
BST, 1050000, 51, 24.6332, 2.95431, 2.99356
AVL, 1060000, 23, 18.4521, 2.65018, 2.2065
BST, 1060000, 50, 25.3573, 2.99186, 3.02618
AVL, 1070000, 23, 18.4877, 2.6521, 2.21627
BST, 1070000, 49, 24.807, 2.98439, 3.0186
AVL, 1080000, 23, 18.4241, 2.66229, 2.20955
BST, 1080000, 51, 25.4185, 3.00447, 3.02908
AVL, 1090000, 23, 18.4921, 2.6705, 2.23481
BST, 1090000, 47, 24.2017, 2.99304, 3.01017
AVL, 1100000, 23, 18.4522, 2.66895, 2.22095
BST, 1100000, 51, 26.0794, 2.99735, 3.06221
AVL, 1110000, 23, 18.4886, 2.68024, 2.22193
BST, 1110000, 45, 24.0735, 2.99009, 3.03267
AVL, 1120000, 23, 18.5273, 2.71123, 2.22473
BST, 1120000, 50, 25.7328, 3.03648, 3.06928
AVL, 1130000, 23, 18.5784, 2.70564, 2.23849
BST, 1130000, 51, 25.7018, 3.03477, 3.07443
AVL, 1140000, 23, 18.5318, 2.72586, 2.24552
BST, 1140000, 48, 25.1745, 3.03981, 3.0789
AVL, 1150000, 24, 18.5347, 2.71348, 2.24861
BST, 1150000, 48, 24.4633, 3.05107, 3.08189
AVL, 1160000, 23, 18.5392, 2.72237, 2.25463
BST, 1160000, 51, 25.5672, 3.06845, 3.11037
AVL, 1170000, 23, 18.5552, 2.73898, 2.25901
BST, 1170000, 46, 24.5424, 3.04197, 3.09009
AVL, 1180000, 23, 18.565, 2.74146, 2.26877
BST, 1180000, 51, 25.9341, 3.10206, 3.13862
AVL, 1190000, 23, 18.5682, 2.73966, 2.26296
BST, 1190000, 48, 24.6418, 3.08091, 3.10062
AVL, 1200000, 23, 18.6044, 2.7578, 2.27725
BST, 1200000, 52, 25.8728, 3.09307, 3.13164
AVL, 1210000, 23, 18.5796, 2.75691, 2.28913
BST, 1210000, 50, 25.3073, 3.10903, 3.13275
AVL, 1220000, 23, 18.6179, 2.75516, 2.29479
BST, 1220000, 52, 24.8734, 3.09501, 3.12119
AVL, 1230000, 23, 18.6254, 2.74817, 2.29228
BST, 1230000, 47, 24.5296, 3.10672, 3.12497
AVL, 1240000, 24, 18.6816, 2.76726, 2.31137
BST, 1240000, 52, 25.3147, 3.11789, 3.13765
AVL, 1250000, 23, 18.6152, 2.77527, 2.30518
BST, 1250000, 50, 25.8591, 3.1407, 3.15893
AVL, 1260000, 23, 18.6725, 2.78634, 2.31319
BST, 1260000, 47, 24.493, 3.12612, 3.13871
AVL, 1270000, 23, 18.642, 2.79999, 2.31884
BST, 1270000, 46, 24.2342, 3.13181, 3.15201
AVL, 1280000, 23, 18.6718, 2.80596, 2.34394
BST, 1280000, 48, 24.9921, 3.16117, 3.18698
AVL, 1290000, 23, 18.6728, 2.79586, 2.32853
BST, 1290000, 48, 24.4327, 3.14772, 3.17046
AVL, 1300000, 24, 18.7657, 2.79469, 2.32389
BST, 1300000, 52, 25.0459, 3.13676, 3.17189
AVL, 1310000, 23, 18.7393, 2.78672, 2.32838
BST, 1310000, 50, 26.2454, 3.15776, 3.18994
AVL, 1320000, 23, 18.7323, 2.79518, 2.33143
BST, 1320000, 49, 24.8432, 3.13919, 3.16891
AVL, 1330000, 23, 18.7254, 2.80464, 2.33589
BST, 1330000, 49, 25.2165, 3.16538, 3.19663
AVL, 1340000, 23, 18.7367, 2.82001, 2.35124
BST, 1340000, 50, 25.9336, 3.20656, 3.24072
AVL, 1350000, 24, 18.7798, 2.84859, 2.36974
BST, 1350000, 57, 25.8048, 3.23898, 3.25731
AVL, 1360000, 23, 18.7477, 2.8668, 2.37293
BST, 1360000, 51, 25.5112, 3.4873, 3.25695
AVL, 1370000, 24, 18.8009, 2.89391, 2.40352
BST, 1370000, 50, 24.8145, 3.28158, 3.29795
AVL, 1380000, 24, 18.8532, 2.89204, 2.4226
BST, 1380000, 52, 25.266, 3.29726, 3.31731
AVL, 1390000, 23, 18.7895, 2.90903, 2.44004
BST, 1390000, 55, 26.9296, 3.32765, 3.34384
AVL, 1400000, 23, 18.8242, 2.89289, 2.50139
BST, 1400000, 49, 25.6688, 3.30082, 3.43663
AVL, 1410000, 23, 18.8172, 2.89563, 2.70023
BST, 1410000, 51, 25.5848, 3.37198, 3.59864
AVL, 1420000, 24, 18.8742, 2.884, 2.71152
BST, 1420000, 51, 26.9192, 3.40348, 3.56593
AVL, 1430000, 24, 18.8522, 2.89374, 2.50201
BST, 1430000, 49, 25.2767, 3.3279, 3.40011
AVL, 1440000, 23, 18.8356, 2.88919, 2.4657
BST, 1440000, 51, 26.2619, 3.3184, 3.38509
AVL, 1450000, 23, 18.9235, 2.89406, 2.48573
BST, 1450000, 51, 24.9575, 3.32015, 3.33485
AVL, 1460000, 24, 18.8757, 2.89148, 2.46743
BST, 1460000, 48, 25.8595, 3.32943, 3.36095
AVL, 1470000, 24, 18.8745, 2.89559, 2.46291
BST, 1470000, 50, 25.1154, 3.33054, 3.3518
AVL, 1480000, 24, 18.9351, 2.90303, 2.46936
BST, 1480000, 50, 24.8535, 3.39852, 3.88214
AVL, 1490000, 24, 18.8945, 2.94423, 2.47219
BST, 1490000, 50, 24.9627, 3.33122, 3.774
AVL, 1500000, 24, 18.9197, 2.91187, 2.47616
BST, 1500000, 51, 25.2243, 3.31122, 3.37486
AVL, 1510000, 24, 18.9092, 2.95312, 2.56797
BST, 1510000, 49, 25.073, 3.35198, 3.39021
AVL, 1520000, 23, 18.9136, 2.91696, 2.46996
BST, 1520000, 49, 24.8038, 3.40662, 3.47571
AVL, 1530000, 24, 18.9372, 2.93147, 2.51239
BST, 1530000, 54, 27.0994, 3.36091, 3.43658
AVL, 1540000, 24, 18.9317, 2.92458, 2.67105
BST, 1540000, 48, 25.3475, 3.41074, 3.41024
AVL, 1550000, 24, 18.9779, 2.93365, 2.47897
BST, 1550000, 53, 25.3634, 3.40299, 3.46824
AVL, 1560000, 24, 18.9761, 2.93579, 2.4919
BST, 1560000, 48, 25.2564, 3.3437, 3.37814
AVL, 1570000, 24, 18.9531, 2.94541, 2.59381
BST, 1570000, 52, 26.1402, 3.4616, 3.42906
AVL, 1580000, 24, 19.0155, 2.94594, 2.49092
BST, 1580000, 49, 25.3956, 3.48421, 3.53815
AVL, 1590000, 24, 18.9958, 2.96604, 2.49989
BST, 1590000, 52, 26.2912, 3.3792, 3.44891
AVL, 1600000, 24, 19.0279, 2.99684, 2.57073
BST, 1600000, 49, 24.6338, 3.36585, 3.42852
AVL, 1610000, 24, 19.0928, 3.0732, 2.66836
BST, 1610000, 53, 25.3685, 3.38548, 3.45072
AVL, 1620000, 24, 19.0582, 3.00691, 2.52785
BST, 1620000, 47, 25.2958, 3.41696, 3.4912
AVL, 1630000, 24, 19.1136, 3.05255, 2.61876
BST, 1630000, 49, 25.476, 3.41178, 3.47981
AVL, 1640000, 24, 19.1005, 2.99425, 2.53365
BST, 1640000, 51, 25.7666, 3.42257, 3.55124
AVL, 1650000, 24, 19.1044, 3.0256, 2.55295
BST, 1650000, 52, 25.7348, 3.42827, 3.48054
AVL, 1660000, 24, 19.0572, 3.04223, 2.67106
BST, 1660000, 48, 25.9231, 3.41802, 3.52007
AVL, 1670000, 24, 19.0375, 3.01355, 2.62955
BST, 1670000, 51, 26.3299, 3.48817, 3.68694
AVL, 1680000, 24, 19.1157, 3.0051, 2.56403
BST, 1680000, 51, 26.3517, 3.45262, 3.45421
AVL, 1690000, 24, 19.07, 3.02783, 2.55988
BST, 1690000, 49, 25.2659, 3.44328, 3.4882
AVL, 1700000, 24, 19.0879, 2.99837, 2.57075
BST, 1700000, 51, 24.8592, 3.45806, 3.72684
AVL, 1710000, 24, 19.1896, 3.00981, 2.57411
BST, 1710000, 60, 27.5262, 3.52923, 3.56483
AVL, 1720000, 24, 19.1223, 3.02006, 2.64253
BST, 1720000, 52, 27.0137, 3.49925, 3.75026
AVL, 1730000, 24, 19.1239, 3.01537, 2.59056
BST, 1730000, 51, 24.9956, 3.62964, 3.70644
AVL, 1740000, 24, 19.1752, 3.03592, 2.59417
BST, 1740000, 53, 25.6491, 3.50193, 3.51035
AVL, 1750000, 24, 19.1492, 3.06516, 2.78275
BST, 1750000, 49, 25.2708, 3.47685, 3.50302
AVL, 1760000, 24, 19.1938, 3.18695, 2.70131
BST, 1760000, 50, 25.1465, 3.50197, 3.56635
AVL, 1770000, 24, 19.1565, 3.18255, 2.60964
BST, 1770000, 51, 25.5238, 3.51333, 3.65851
AVL, 1780000, 24, 19.1816, 3.13565, 2.60487
BST, 1780000, 53, 25.7097, 3.6403, 3.74791
AVL, 1790000, 24, 19.2903, 3.08821, 2.61625
BST, 1790000, 53, 27.245, 3.6762, 3.69395
AVL, 1800000, 24, 19.2045, 3.08743, 2.80426
BST, 1800000, 51, 26.386, 3.65906, 4.05911
AVL, 1810000, 24, 19.1876, 3.24408, 2.60506
BST, 1810000, 50, 25.7747, 3.55855, 3.90102
AVL, 1820000, 24, 19.216, 3.08707, 2.62692
BST, 1820000, 50, 26.5657, 3.59848, 3.8894
AVL, 1830000, 24, 19.2267, 3.09502, 2.63098
BST, 1830000, 53, 26.6851, 3.54889, 3.65178
AVL, 1840000, 24, 19.2417, 3.15499, 2.61967
BST, 1840000, 52, 24.9647, 3.51711, 3.58732
AVL, 1850000, 24, 19.2171, 3.16973, 2.63341
BST, 1850000, 48, 25.3324, 3.52981, 3.56686
AVL, 1860000, 24, 19.255, 3.09815, 2.62625
BST, 1860000, 53, 25.8835, 3.57488, 3.59253
AVL, 1870000, 24, 19.242, 3.08502, 2.64058
BST, 1870000, 49, 25.3199, 3.55057, 3.80058
AVL, 1880000, 24, 19.2687, 3.09922, 2.65841
BST, 1880000, 53, 25.6996, 3.64268, 3.85032
AVL, 1890000, 24, 19.2844, 3.11612, 2.66101
BST, 1890000, 53, 27.7764, 3.74457, 3.81999
AVL, 1900000, 24, 19.2518, 3.11827, 2.66619
BST, 1900000, 51, 26.5576, 3.78106, 3.71702
AVL, 1910000, 24, 19.2984, 3.11033, 2.7757
BST, 1910000, 48, 24.9211, 3.57059, 3.61058
AVL, 1920000, 24, 19.3455, 3.12041, 2.67673
BST, 1920000, 50, 25.368, 3.72566, 3.64365
AVL, 1930000, 24, 19.3314, 3.13402, 2.67247
BST, 1930000, 50, 26.0833, 3.68899, 3.6729
AVL, 1940000, 24, 19.2936, 3.14053, 2.91327
BST, 1940000, 49, 25.32, 3.65236, 4.14973
AVL, 1950000, 24, 19.3418, 3.13488, 2.68279
BST, 1950000, 50, 26.7355, 3.66248, 4.16137
AVL, 1960000, 24, 19.351, 3.14675, 2.67891
BST, 1960000, 54, 25.6539, 3.67684, 3.97257
AVL, 1970000, 24, 19.3659, 3.16835, 2.67661
BST, 1970000, 52, 26.188, 3.66768, 3.99279
AVL, 1980000, 24, 19.3368, 3.15178, 2.69156
BST, 1980000, 55, 28.0668, 3.82661, 4.00607
AVL, 1990000, 24, 19.3516, 3.16945, 2.69092
BST, 1990000, 50, 25.9811, 3.78905, 3.84747
AVL, 2000000, 24, 19.3076, 3.1724, 2.6737
BST, 2000000, 51, 25.5738, 3.79175, 3.84183
AVL, 2010000, 24, 19.3548, 3.15568, 2.71405
BST, 2010000, 53, 26.4364, 3.67599, 3.73582
AVL, 2020000, 24, 19.3715, 3.17196, 2.6986
BST, 2020000, 53, 26.5754, 3.68986, 3.93375
AVL, 2030000, 24, 19.3716, 3.16795, 2.71988
BST, 2030000, 53, 26.3774, 3.66808, 3.89023
AVL, 2040000, 24, 19.3546, 3.17019, 2.69615
BST, 2040000, 53, 26.9592, 3.78117, 3.89252
AVL, 2050000, 24, 19.4179, 3.17282, 2.79409
BST, 2050000, 52, 26.0294, 3.79792, 3.78046
AVL, 2060000, 24, 19.3725, 3.17299, 2.75371
BST, 2060000, 50, 25.3338, 3.7937, 3.80193
AVL, 2070000, 24, 19.4119, 3.1802, 2.73377
BST, 2070000, 51, 26.1393, 3.79553, 3.89403
AVL, 2080000, 24, 19.3659, 3.19203, 2.72549
BST, 2080000, 53, 26.5736, 3.84039, 3.85542
AVL, 2090000, 24, 19.4002, 3.19966, 2.73387
BST, 2090000, 53, 26.2493, 3.72782, 3.71887
AVL, 2100000, 24, 19.4497, 3.21043, 2.74776
BST, 2100000, 52, 26.0626, 3.85219, 3.76537
AVL, 2110000, 25, 19.4268, 3.22483, 2.74407
BST, 2110000, 52, 24.9101, 3.70087, 3.70554
AVL, 2120000, 24, 19.4314, 3.22983, 2.8708
BST, 2120000, 50, 25.9584, 3.73707, 3.73433
AVL, 2130000, 24, 19.4675, 3.31785, 3.04796
BST, 2130000, 50, 25.0663, 3.66805, 3.71851
AVL, 2140000, 24, 19.4247, 3.30749, 2.94161
BST, 2140000, 54, 26.3543, 3.70858, 3.77322
AVL, 2150000, 24, 19.4591, 3.27049, 2.88612
BST, 2150000, 53, 27.3561, 3.72938, 3.80459
AVL, 2160000, 24, 19.4639, 3.28879, 2.75985
BST, 2160000, 51, 26.3346, 3.73172, 3.74829
AVL, 2170000, 24, 19.4424, 3.22493, 2.78197
BST, 2170000, 50, 26.0428, 3.733, 3.74651
AVL, 2180000, 24, 19.4542, 3.23269, 2.80385
BST, 2180000, 50, 25.6364, 3.71724, 3.73373
AVL, 2190000, 24, 19.4986, 3.23187, 2.78806
BST, 2190000, 51, 26.1668, 3.80253, 3.84391
AVL, 2200000, 24, 19.4874, 3.22139, 2.76875
BST, 2200000, 54, 26.4781, 3.74689, 3.78053
AVL, 2210000, 24, 19.4733, 3.23484, 2.76032
BST, 2210000, 53, 26.5244, 3.82582, 3.82716
AVL, 2220000, 24, 19.5253, 3.24064, 2.81099
BST, 2220000, 55, 27.3241, 3.78239, 3.80732
AVL, 2230000, 24, 19.5331, 3.23539, 2.77172
BST, 2230000, 57, 27.4292, 3.83083, 3.80079
AVL, 2240000, 24, 19.4771, 3.24633, 2.78955
BST, 2240000, 52, 26.6096, 3.81408, 3.79401
AVL, 2250000, 24, 19.5094, 3.25256, 2.83244
BST, 2250000, 57, 25.6896, 3.76421, 4.16417
AVL, 2260000, 25, 19.5281, 3.26722, 2.80787
BST, 2260000, 52, 26.029, 3.83845, 3.78382
AVL, 2270000, 24, 19.5393, 3.30726, 3.1109
BST, 2270000, 57, 28.2595, 3.79198, 4.26446
AVL, 2280000, 24, 19.536, 3.31224, 2.85707
BST, 2280000, 55, 25.9784, 3.96324, 3.8694
AVL, 2290000, 24, 19.5019, 3.62007, 2.81475
BST, 2290000, 51, 25.6658, 3.93518, 3.86726
AVL, 2300000, 25, 19.608, 3.30612, 2.98493
BST, 2300000, 49, 25.676, 3.79428, 3.81743
AVL, 2310000, 24, 19.5586, 3.49359, 2.95403
BST, 2310000, 55, 26.5799, 3.82819, 3.85231
AVL, 2320000, 25, 19.568, 3.43719, 2.82635
BST, 2320000, 51, 26.4933, 3.82564, 4.46927
AVL, 2330000, 25, 19.5709, 3.31167, 2.85628
BST, 2330000, 51, 26.751, 3.87896, 4.44749
AVL, 2340000, 25, 19.5867, 3.292, 2.83533
BST, 2340000, 52, 26.4353, 3.92324, 3.959
AVL, 2350000, 25, 19.6649, 3.29713, 2.82949
BST, 2350000, 54, 28.018, 3.84313, 3.86746
AVL, 2360000, 24, 19.5988, 3.29923, 3.27958
BST, 2360000, 52, 26.622, 3.7908, 3.83474
AVL, 2370000, 24, 19.6655, 3.29709, 2.85645
BST, 2370000, 50, 25.8392, 3.90223, 4.03314
AVL, 2380000, 24, 19.5806, 3.31489, 2.84131
BST, 2380000, 52, 26.5332, 3.84264, 4.13382
AVL, 2390000, 24, 19.5848, 3.32159, 2.87497
BST, 2390000, 51, 26.5744, 3.85087, 3.94665
AVL, 2400000, 25, 19.6502, 3.3945, 3.21082
BST, 2400000, 53, 26.9126, 3.87423, 3.89455
AVL, 2410000, 25, 19.6612, 3.50969, 2.92047
BST, 2410000, 54, 26.3562, 3.87617, 4.08249
AVL, 2420000, 24, 19.6084, 3.36801, 3.25064
BST, 2420000, 53, 26.8451, 3.88658, 3.92868
AVL, 2430000, 25, 19.6185, 3.37893, 3.10411
BST, 2430000, 56, 27.8175, 3.98472, 3.96466
AVL, 2440000, 24, 19.5927, 3.37177, 2.91069
BST, 2440000, 54, 27.3956, 4.08295, 4.01159
AVL, 2450000, 25, 19.6222, 3.37654, 2.90992
BST, 2450000, 52, 27.0571, 4.13041, 3.96136
AVL, 2460000, 25, 19.6603, 3.35829, 2.92301
BST, 2460000, 55, 26.3656, 4.15034, 3.97153
AVL, 2470000, 24, 19.6568, 3.39864, 3.33029
BST, 2470000, 52, 26.4011, 4.07901, 4.64083
AVL, 2480000, 24, 19.6385, 3.35767, 2.89869
BST, 2480000, 52, 26.4419, 4.21256, 4.01137
AVL, 2490000, 24, 19.67, 3.64205, 2.90413
BST, 2490000, 53, 26.497, 3.88126, 3.98271
AVL, 2500000, 24, 19.6908, 3.68616, 2.90272
BST, 2500000, 50, 25.9667, 3.90313, 4.12824
AVL, 2510000, 24, 19.6532, 3.62219, 2.90299
BST, 2510000, 51, 26.5122, 3.91511, 4.10185
AVL, 2520000, 24, 19.6807, 3.4054, 2.99752
BST, 2520000, 53, 27.0516, 4.08082, 4.00173
AVL, 2530000, 25, 19.6667, 3.42276, 2.92128
BST, 2530000, 51, 27.154, 4.09921, 3.99051
AVL, 2540000, 24, 19.6602, 3.38951, 2.91837
BST, 2540000, 53, 26.1299, 3.98016, 3.98675
AVL, 2550000, 25, 19.7074, 3.40028, 2.93565
BST, 2550000, 52, 26.2904, 4.11027, 3.99697
AVL, 2560000, 24, 19.7001, 3.39186, 2.90928
BST, 2560000, 51, 26.6686, 3.93882, 4.04389
AVL, 2570000, 25, 19.6937, 3.40283, 3.20546
BST, 2570000, 52, 26.749, 3.96856, 3.99461
AVL, 2580000, 25, 19.7251, 3.57372, 3.15547
BST, 2580000, 52, 25.7383, 3.94344, 3.94064
AVL, 2590000, 24, 19.6909, 3.60269, 3.17491
BST, 2590000, 50, 25.5247, 3.9475, 3.94626
AVL, 2600000, 25, 19.7298, 3.5096, 3.49958
BST, 2600000, 55, 27.1242, 3.95922, 4.00333
AVL, 2610000, 25, 19.752, 3.40149, 3.1062
BST, 2610000, 55, 26.8516, 3.94763, 3.97391
AVL, 2620000, 25, 19.7209, 3.39992, 2.93789
BST, 2620000, 51, 26.3254, 4.11613, 4.08358
AVL, 2630000, 24, 19.6978, 3.41434, 3.0339
BST, 2630000, 53, 26.4758, 4.32784, 4.01666
AVL, 2640000, 25, 19.7698, 3.54922, 3.00314
BST, 2640000, 51, 25.986, 3.96355, 4.48755
AVL, 2650000, 25, 19.7936, 3.41743, 2.97009
BST, 2650000, 51, 26.0944, 4.0713, 4.28361
AVL, 2660000, 25, 19.81, 3.44662, 2.95529
BST, 2660000, 51, 25.6552, 4.06588, 4.54928
AVL, 2670000, 24, 19.7435, 3.44962, 2.94906
BST, 2670000, 52, 26.8786, 4.0086, 4.85033
AVL, 2680000, 24, 19.7475, 3.46095, 2.96935
BST, 2680000, 53, 26.8052, 3.97888, 4.52919
AVL, 2690000, 25, 19.7796, 3.47548, 2.99316
BST, 2690000, 55, 27.6343, 4.17003, 4.05979
AVL, 2700000, 25, 19.7552, 3.45113, 2.97753
BST, 2700000, 53, 26.1525, 4.15475, 4.05818
AVL, 2710000, 25, 19.7868, 3.4545, 2.98439
BST, 2710000, 57, 27.2786, 4.0137, 4.04338
AVL, 2720000, 25, 19.7908, 3.59238, 3.30339
BST, 2720000, 56, 28.3477, 4.00165, 4.09566
AVL, 2730000, 25, 19.7869, 3.49443, 3.16033
BST, 2730000, 51, 26.2025, 4.00631, 4.06678
AVL, 2740000, 25, 19.8345, 3.45939, 3.35734
BST, 2740000, 49, 26.5073, 4.02479, 4.06954
AVL, 2750000, 25, 19.8372, 3.55078, 3.18296
BST, 2750000, 55, 27.1699, 4.00055, 4.16701
AVL, 2760000, 25, 19.8277, 3.83004, 3.0333
BST, 2760000, 53, 26.8334, 4.32436, 4.13457
AVL, 2770000, 24, 19.7809, 3.46715, 2.99315
BST, 2770000, 53, 27.0397, 4.25939, 4.13923
AVL, 2780000, 25, 19.843, 3.47673, 2.99474
BST, 2780000, 52, 26.927, 4.32291, 4.07285
AVL, 2790000, 25, 19.7898, 3.49852, 3.00723
BST, 2790000, 52, 27.331, 4.42975, 4.09226
AVL, 2800000, 25, 19.8278, 3.4846, 2.99092
BST, 2800000, 52, 27.4013, 4.48751, 4.07375
AVL, 2810000, 25, 19.846, 3.48598, 3.3111
BST, 2810000, 53, 26.1328, 4.05881, 4.16102
AVL, 2820000, 25, 19.8502, 3.6354, 3.00966
BST, 2820000, 54, 28.3729, 4.06331, 4.08845
AVL, 2830000, 25, 19.9273, 3.49452, 3.24393
BST, 2830000, 51, 26.468, 4.16125, 4.14071
AVL, 2840000, 25, 19.846, 3.5026, 3.11513
BST, 2840000, 53, 26.2545, 4.11524, 4.24031
AVL, 2850000, 25, 19.8437, 3.50962, 3.05047
BST, 2850000, 54, 26.9612, 4.08907, 4.38434
AVL, 2860000, 25, 19.8507, 3.50347, 3.25617
BST, 2860000, 51, 26.9955, 4.1066, 4.12802
AVL, 2870000, 25, 19.8845, 3.50974, 3.09849
BST, 2870000, 52, 26.7904, 4.13302, 4.11233
AVL, 2880000, 25, 19.8988, 3.50152, 3.42623
BST, 2880000, 54, 26.4835, 4.19377, 4.18788
AVL, 2890000, 25, 19.8799, 3.54237, 3.05694
BST, 2890000, 52, 26.5954, 4.63789, 4.1709
AVL, 2900000, 25, 19.8875, 3.53944, 3.05806
BST, 2900000, 52, 26.5481, 4.2965, 4.16986
AVL, 2910000, 25, 19.9335, 3.54529, 3.06049
BST, 2910000, 55, 26.6793, 4.46272, 4.15074
AVL, 2920000, 25, 19.8912, 3.53788, 3.06968
BST, 2920000, 55, 27.0578, 4.57999, 4.18701
AVL, 2930000, 25, 19.8804, 3.52044, 3.04472
BST, 2930000, 55, 27.7526, 4.42877, 4.28639
AVL, 2940000, 25, 19.9534, 3.52812, 3.07174
BST, 2940000, 55, 28.096, 4.55234, 4.16685
AVL, 2950000, 25, 19.9737, 3.52808, 3.071
BST, 2950000, 52, 27.1555, 4.49564, 4.14273
AVL, 2960000, 25, 19.9352, 3.51176, 3.0575
BST, 2960000, 54, 27.8082, 4.33233, 4.27024
AVL, 2970000, 25, 19.94, 3.53235, 3.08446
BST, 2970000, 51, 27.0614, 4.31759, 4.257
AVL, 2980000, 25, 19.9494, 3.54849, 3.0691
BST, 2980000, 51, 26.8865, 4.29412, 4.35585
AVL, 2990000, 25, 19.9215, 3.53324, 3.06678
BST, 2990000, 56, 28.7779, 4.29969, 4.54233
