AVL, 10000, 15, 11.5863, 0.5687, 0.2666
BST, 10000, 30, 15.96, 0.4607, 0.433
AVL, 20000, 16, 12.602, 0.6044, 0.3263
BST, 20000, 31, 16.4199, 0.4953, 0.4768
AVL, 30000, 17, 13.1812, 0.6536, 0.358933
BST, 30000, 36, 18.4893, 0.566467, 0.568933
AVL, 40000, 18, 13.6107, 0.733525, 0.44345
BST, 40000, 35, 18.9993, 0.6965, 0.69755
AVL, 50000, 18, 13.976, 0.7824, 0.4144
BST, 50000, 37, 18.8701, 0.77566, 0.729
AVL, 60000, 18, 14.1572, 0.946017, 0.570733
BST, 60000, 37, 18.9991, 0.841033, 0.881667
AVL, 70000, 19, 14.4365, 0.975814, 0.583086
BST, 70000, 40, 18.9678, 0.991157, 0.949829
AVL, 80000, 18, 14.6197, 1.10355, 0.76255
BST, 80000, 37, 19.7853, 1.09334, 1.15155
AVL, 90000, 19, 14.7785, 1.13697, 0.848444
BST, 90000, 40, 20.1209, 1.14636, 1.19602
AVL, 100000, 19, 14.9069, 1.20789, 0.86938
BST, 100000, 36, 19.6943, 1.20099, 1.23572
AVL, 110000, 19, 15.136, 1.2415, 0.963309
BST, 110000, 37, 20.5425, 1.33669, 1.30691
AVL, 120000, 20, 15.2296, 1.30072, 1.0006
BST, 120000, 44, 21.4251, 1.36538, 1.3928
AVL, 130000, 19, 15.3073, 1.39422, 1.02877
BST, 130000, 44, 21.5836, 1.40365, 1.48151
AVL, 140000, 19, 15.4231, 1.3883, 1.08453
BST, 140000, 43, 20.5244, 1.48926, 1.49729
AVL, 150000, 19, 15.5117, 1.43436, 1.12803
BST, 150000, 40, 21.0766, 1.49611, 1.62008
AVL, 160000, 20, 15.655, 1.47203, 1.14061
BST, 160000, 42, 21.7635, 1.55776, 1.61252
AVL, 170000, 20, 15.709, 1.51564, 1.17205
BST, 170000, 39, 20.3174, 1.5603, 1.60328
AVL, 180000, 20, 15.8384, 1.54841, 1.20422
BST, 180000, 42, 21.0224, 1.6214, 1.68811
AVL, 190000, 20, 15.8564, 1.58037, 1.22895
BST, 190000, 45, 20.9396, 1.66881, 1.73269
AVL, 200000, 20, 15.9563, 1.6201, 1.2667
BST, 200000, 41, 21.5286, 1.73579, 1.74611
AVL, 210000, 20, 16.0199, 1.64536, 1.3264
BST, 210000, 42, 20.7044, 1.71739, 1.76289
AVL, 220000, 20, 16.1274, 1.69964, 1.33363
BST, 220000, 42, 22.1789, 1.77918, 1.87175
AVL, 230000, 20, 16.1537, 1.70604, 1.34056
BST, 230000, 46, 21.6832, 1.81983, 1.85797
AVL, 240000, 20, 16.219, 1.75137, 1.36512
BST, 240000, 44, 22.6683, 1.84542, 1.93907
AVL, 250000, 20, 16.2829, 1.75822, 1.3959
BST, 250000, 40, 22.1515, 1.87851, 1.92407
AVL, 260000, 21, 16.3414, 1.77955, 1.40876
BST, 260000, 41, 21.2173, 1.91127, 1.93124
AVL, 270000, 21, 16.5368, 1.81871, 1.42924
BST, 270000, 45, 21.6578, 1.93539, 1.95859
AVL, 280000, 21, 16.4982, 1.83955, 1.44099
BST, 280000, 44, 22.4064, 1.95572, 1.99222
AVL, 290000, 21, 16.4713, 1.85563, 1.46441
BST, 290000, 44, 21.9799, 1.98057, 2.01441
AVL, 300000, 21, 16.5676, 1.88669, 1.49192
BST, 300000, 43, 22.0826, 2.00426, 2.03971
AVL, 310000, 21, 16.6206, 1.89832, 1.50035
BST, 310000, 44, 23.389, 2.07063, 2.08243
AVL, 320000, 21, 16.67, 1.92336, 1.51773
BST, 320000, 46, 24.1948, 2.07266, 2.12484
AVL, 330000, 21, 16.7671, 1.91442, 1.55436
BST, 330000, 44, 23.3313, 2.06808, 2.12523
AVL, 340000, 21, 16.7751, 1.94088, 1.53861
BST, 340000, 44, 22.2552, 2.09644, 2.12554
AVL, 350000, 21, 16.8035, 1.95787, 1.57289
BST, 350000, 44, 22.2702, 2.10907, 2.16503
AVL, 360000, 21, 16.9034, 1.97566, 1.57257
BST, 360000, 44, 22.2915, 2.15844, 2.16232
AVL, 370000, 21, 16.8849, 1.99731, 1.58784
BST, 370000, 46, 24.0518, 2.18472, 2.22188
AVL, 380000, 21, 16.9358, 2.00523, 1.62668
BST, 380000, 43, 22.8098, 2.17986, 2.20827
AVL, 390000, 21, 16.9335, 2.02626, 1.64263
BST, 390000, 44, 22.6339, 2.18766, 2.20562
AVL, 400000, 21, 16.9865, 2.05436, 1.65467
BST, 400000, 44, 23.1806, 2.22212, 2.24706
AVL, 410000, 21, 16.9873, 2.0552, 1.66502
BST, 410000, 48, 24.2616, 2.24898, 2.27911
AVL, 420000, 22, 17.0903, 2.13631, 1.73407
BST, 420000, 46, 24.0206, 2.32754, 2.31832
AVL, 430000, 21, 17.0611, 2.09946, 1.68089
BST, 430000, 44, 23.2838, 2.2813, 2.29943
AVL, 440000, 22, 17.1188, 2.11714, 1.70806
BST, 440000, 49, 22.7963, 2.29328, 2.31318
AVL, 450000, 22, 17.185, 2.11997, 1.70012
BST, 450000, 48, 23.3218, 2.30964, 2.34788
AVL, 460000, 21, 17.1885, 2.17616, 1.75629
BST, 460000, 47, 23.5391, 2.5366, 2.52719
AVL, 470000, 22, 17.2038, 2.2753, 1.83443
BST, 470000, 45, 24.4412, 2.43217, 2.54285
AVL, 480000, 22, 17.2368, 2.29328, 1.75123
BST, 480000, 47, 23.3966, 2.42901, 2.41454
AVL, 490000, 21, 17.2595, 2.27374, 1.82367
BST, 490000, 50, 24.1937, 2.37072, 2.4409
AVL, 500000, 21, 17.273, 2.17474, 1.77347
BST, 500000, 43, 23.1185, 2.3755, 2.41548
AVL, 510000, 22, 17.3748, 2.19034, 1.77695
BST, 510000, 45, 22.7955, 2.38798, 2.4137
AVL, 520000, 22, 17.4192, 2.20432, 1.77432
BST, 520000, 44, 23.4195, 2.42298, 2.43968
AVL, 530000, 22, 17.3817, 2.21426, 1.78469
BST, 530000, 43, 23.432, 2.4163, 2.44438
AVL, 540000, 22, 17.4356, 2.22137, 1.80824
BST, 540000, 45, 24.2293, 2.43418, 2.47846
AVL, 550000, 22, 17.4178, 2.23137, 1.80808
BST, 550000, 49, 24.5884, 2.45096, 2.47775
AVL, 560000, 22, 17.4503, 2.24471, 1.83729
BST, 560000, 45, 23.2357, 2.4665, 2.49613
AVL, 570000, 22, 17.5377, 2.25375, 1.81948
BST, 570000, 48, 23.5255, 2.47587, 2.51026
AVL, 580000, 22, 17.5279, 2.27076, 1.83016
BST, 580000, 49, 24.7637, 2.51548, 2.55338
AVL, 590000, 22, 17.5384, 2.2779, 1.83971
BST, 590000, 47, 23.5675, 2.49622, 2.52576
AVL, 600000, 22, 17.6107, 2.29159, 1.84744
BST, 600000, 46, 23.0468, 2.51921, 2.54079
AVL, 610000, 22, 17.6538, 2.30788, 1.86338
BST, 610000, 51, 25.4922, 2.54518, 2.5809
AVL, 620000, 22, 17.601, 2.32453, 1.86609
BST, 620000, 46, 23.66, 2.5331, 2.56591
AVL, 630000, 22, 17.622, 2.31314, 1.88343
BST, 630000, 48, 23.5544, 2.55835, 2.5727
AVL, 640000, 22, 17.6379, 2.33065, 1.87598
BST, 640000, 51, 23.9204, 2.56175, 2.59949
AVL, 650000, 22, 17.6996, 2.33904, 1.90937
BST, 650000, 49, 24.1397, 2.57909, 2.60585
AVL, 660000, 22, 17.7014, 2.34996, 1.90758
BST, 660000, 45, 22.9246, 2.58297, 2.59305
AVL, 670000, 22, 17.7056, 2.35875, 1.91532
BST, 670000, 48, 23.7798, 2.60294, 2.63436
AVL, 680000, 22, 17.7451, 2.36031, 1.9238
BST, 680000, 48, 23.5165, 2.59854, 2.6286
AVL, 690000, 22, 17.8369, 2.36671, 1.93951
BST, 690000, 51, 24.4632, 2.63413, 2.65903
AVL, 700000, 22, 17.7601, 2.3751, 1.93934
BST, 700000, 48, 23.3934, 2.62151, 2.64906
AVL, 710000, 22, 17.7924, 2.39317, 1.94561
BST, 710000, 49, 24.9065, 2.62926, 2.64608
AVL, 720000, 22, 17.8212, 2.39422, 1.95864
BST, 720000, 45, 23.0712, 2.64383, 2.66221
AVL, 730000, 22, 17.8774, 2.40445, 1.97033
BST, 730000, 46, 23.3518, 2.66147, 2.67178
AVL, 740000, 22, 17.8984, 2.41996, 1.96509
BST, 740000, 48, 24.6463, 2.66898, 2.69675
AVL, 750000, 22, 17.909, 2.41553, 1.99567
BST, 750000, 47, 24.3598, 2.68087, 2.71593
AVL, 760000, 23, 17.9584, 2.43645, 1.99029
BST, 760000, 47, 24.4139, 2.6937, 2.73471
AVL, 770000, 23, 17.9686, 2.44389, 1.99655
BST, 770000, 47, 24.9025, 2.71248, 2.74779
AVL, 780000, 22, 17.9126, 2.45221, 1.99198
BST, 780000, 50, 23.8548, 2.71638, 2.74424
AVL, 790000, 23, 17.9841, 2.47703, 2.01887
BST, 790000, 48, 25.846, 2.76286, 2.82609
AVL, 800000, 23, 18.0517, 2.48773, 2.01922
BST, 800000, 51, 24.781, 2.7563, 2.77729
AVL, 810000, 23, 18.0609, 2.51176, 2.03616
BST, 810000, 49, 24.8311, 2.77849, 2.81124
AVL, 820000, 23, 18.1199, 2.51177, 2.04326
BST, 820000, 53, 24.5414, 2.79596, 2.82131
AVL, 830000, 23, 18.0793, 2.52852, 2.04722
BST, 830000, 50, 25.2255, 2.81443, 2.83532
AVL, 840000, 23, 18.0081, 2.52256, 2.05258
BST, 840000, 51, 24.1918, 2.77978, 2.81547
AVL, 850000, 23, 18.1541, 2.52586, 2.06401
BST, 850000, 44, 23.8626, 2.79334, 2.81266
AVL, 860000, 22, 18.0633, 2.53355, 2.07082
BST, 860000, 49, 24.4146, 2.8079, 2.8319
AVL, 870000, 23, 18.1189, 2.54621, 2.07511
BST, 870000, 52, 25.1863, 2.84934, 2.86426
AVL, 880000, 23, 18.1694, 2.54715, 2.09037
BST, 880000, 49, 25.7561, 2.85645, 2.88884
AVL, 890000, 23, 18.1797, 2.55592, 2.09796
BST, 890000, 47, 24.2491, 2.8427, 2.8782
AVL, 900000, 23, 18.2099, 2.55484, 2.11126
BST, 900000, 46, 24.4647, 2.87769, 2.86986
AVL, 910000, 23, 18.1995, 2.55766, 2.11326
BST, 910000, 47, 24.7875, 2.87357, 2.90276
AVL, 920000, 23, 18.2251, 2.56744, 2.12101
BST, 920000, 49, 24.8608, 2.88049, 2.90349
AVL, 930000, 23, 18.1929, 2.58041, 2.12403
BST, 930000, 49, 23.7548, 2.87052, 2.88134
AVL, 940000, 23, 18.2157, 2.58811, 2.13508
BST, 940000, 52, 24.9103, 2.91268, 2.9238
AVL, 950000, 23, 18.2444, 2.60304, 2.14057
BST, 950000, 49, 24.6691, 2.90985, 2.92602
AVL, 960000, 23, 18.2796, 2.60195, 2.13675
BST, 960000, 49, 24.9395, 2.93396, 2.93425
AVL, 970000, 22, 18.2246, 2.6161, 2.14987
BST, 970000, 49, 24.3295, 2.92072, 2.94303
AVL, 980000, 23, 18.2772, 2.62086, 2.16361
BST, 980000, 49, 24.9928, 2.9554, 2.95413
AVL, 990000, 23, 18.3072, 2.64284, 2.16742
BST, 990000, 49, 25.2498, 2.97007, 2.98183
